11
17
13
15
15
15
17
17
18
19
11
15
15
17
15
17
15
15
15
9
15
15
21
15
17
18
11
9
13
15
15
20
15
18
17
17
17
15
13
17
20
19
20
13
13
19
17
15
15
14
15
10
17
15
13
11
15
20
20
11
13
17
15
17
17
19
17
18
18
15
19
15
18
15
15
17
6
15
17
19
18
19
23
17
13
14
14
23
17
20
17
11
11
15
11
11
11
13
17
18
14
16
17
10
11
15
11
15
12
11
13
17
13
15
15
17
17
19
14
20
11
11
17
17
13
22
11
20
22
13
15
23
11
15
16
17
15
11
15
15
17
13
19
13
15
13
13
12
13
14
14
13
13
15
15
17
16
15
13
15
13
13
17
13
12
11
19
15
17
11
13
11
21
11
15
13
13
11
17
13
17
13
11
11
17
11
13
13
11
13
17
17
13
13
16
15
13
10
13
10
12
15
13
13
13
13
21
19
15
13
11
13
15
19
15
15
20
13
17
17
13
15
17
15
15
11
15
19
13
13
11
19
15
12
17
14
17
11
14
15
19
15
13
13
15
13
9
10
21
12
13
15
15
17
17
18
17
15
11
13
13
13
15
17
15
17
13
14
19
13
15
11
13
17
11
20
14
17
18
11
13
13
15
13
11
14
13
11
24
34
29
26
26
21
18
25
25
20
12
40
15
38
25
32
19
24
42
29
34
24
24
37
37
31
39
27
19
29
20
22
33
13
22
37
34
22
33
45
20
33
21
29
44
30
33
40
27
36
45
21
17
17
20
20
20
27
24
13
15
22
16
18
19
18
20
25
36
29
21
24
31
20
35
32
40
21
23
23
21
31
19
23
26
21
24
17
16
28
25
43
23
43
39
23
39
36
30
34
32
23
26
21
19
33
50
27
15
20
27
26
18
21
31
29
22
25
17
24
24
28
22
17
27
20
29
28
33
23
48
23
21
19
23
24
18
21
19
30
30
35
22
23
52
32
38
17
14
18
18
32
23
26
17
10
25
24
28
24
14
37
24
38
12
27
31
14
21
21
23
24
36
24
30
21
25
27
34
20
21
25
41
31
26
22
19
36
24
24
29
27
23
35
32
18
30
24
24
33
28
22
30
26
18
31
43
42
22
18
32
19
10
16
11
28
30
27
22
40
19
17
15
38
21
33
34
39
16
20
39
35
19
19
28
31
29
29
23
22
33
24
35
19
30
26
30
31
23
36
19
25
23
28
31
34
26
23
19
22
21
17
29
33
28
23
25
26
14
22
19
22
24
17
19
21
25
34
23
16
23
14
24
20
24
22
20
51
23
55
19
48
35
18
17
38
14
39
13
36
32
38
20
20
29
23
37
17
40
18
36
57
15
37
49
31
21
16
30
22
16
11
19
25
38
39
19
51
17
19
17
23
33
43
20
30
43
28
36
13
9
22
55
18
24
17
22
8
16
27
16
17
10
10
12
32
15
20
17
58
14
13
38
40
22
14
17
18
18
19
12
49
36
14
20
18
12
17
14
20
16
27
49
20
45
44
21
24
22
19
18
37
15
21
39
12
17
16
26
47
17
16
24
18
17
17
6
17
23
21
27
16
38
14
34
17
23
14
23
22
14
18
24
34
14
19
16
21
28
18
17
18
24
24
20
14
12
12
20
23
14
48
16
10
17
30
22
17
19
52
40
24
11
29
37
12
38
18
12
23
38
17
16
17
22
23
38
16
16
14
18
55
21
18
14
22
23
34
41
20
30
38
22
14
40
14
20
20
23
15
23
16
10
18
22
22
30
11
40
17
5
13
7
18
45
12
17
56
13
14
18
32
36
15
17
25
15
14
41
27
15
16
23
22
25
25
14
22
14
23
23
31
23
22
37
13
16
21
15
28
15
18
36
71
32
36
14
31
15
13
20
18
22
16
19
20
12
49
15
17
19
15
15
15
17
40
17
14
41
13
26
13
14
14
20
62
47
4
38
26
31
29
15
37
34
3
26
27
24
5
32
26
11
33
23
2
18
29
44
5
24
29
31
34
10
23
25
2
23
2
30
4
18
29
34
2
40
30
18
12
2
30
22
42
5
19
37
17
13
25
2
30
20
23
1
14
8
10
35
25
32
29
26
4
14
9
13
1
33
28
38
27
1
31
8
23
22
25
22
9
18
17
8
26
18
28
33
16
17
21
2
26
3
14
38
25
2
15
25
40
44
30
17
19
18
3
13
2
36
1
7
4
1
14
17
6
14
29
37
19
26
17
12
5
29
17
7
24
26
16
26
31
18
12
20
2
1
24
40
29
2
5
32
34
2
33
25
5
5
1
33
30
9
36
48
48
16
4
13
2
21
1
32
16
14
41
31
2
14
25
12
5
29
24
12
34
34
31
17
2
18
5
10
1
40
4
16
12
55
37
25
18
38
29
6
3
30
21
31
5
11
34
10
14
29
17
30
26
17
24
13
0
34
35
40
2
17
27
29
2
21
14
16
2
13
4
30
27
7
24
34
23
24
5
42
15
30
21
30
21
14
17
35
32
23
12
37
32
20
15
16
2
21
0
36
4
4
22
5
17
23
12
13
29
26
7
15
25
34
12
25
23
26
9
7
6
2
30
35
20
27
24
17
5
